420.0 76
420.0 88
420.0 54
420.0 94
420.0 40
420.0 76
420.0 56
420.0 54
420.0 70
420.0 32
420.0 72
420.0 62
420.0 46
420.0 96
420.0 80
420.0 58
420.0 78
420.0 76
420.0 72
420.0 56
420.0 48
420.0 70
420.0 50
420.0 54
420.0 94
420.0 92
420.0 74
420.0 17
420.0 108
420.0 73
420.0 64
420.0 20
420.0 121
420.0 65
420.0 68
420.0 6
420.0 73
420.0 67
420.0 70
420.0 20
420.0 90
420.0 77
420.0 68
420.0 33
420.0 60
420.0 92
420.0 69
420.0 30
420.0 67
420.0 66
420.0 67
420.0 35
420.0 48
420.0 72
420.0 66
420.0 37
420.0 67
420.0 68
420.0 70
420.0 36
420.0 60
420.0 63
420.0 68
420.0 38
420.0 86
420.0 68
420.0 74
420.0 32
420.0 66
420.0 44
420.0 70
420.0 58
420.0 94
420.0 72
420.0 70
420.0 48
420.0 60
420.0 72
420.0 26
420.0 86
420.0 44
420.0 68
420.0 48
420.0 58
420.0 52
420.0 64
420.0 62
420.0 69
420.0 92
420.0 96
420.0 29
420.0 78
420.0 77
420.0 73
420.0 29
420.0 54
420.0 73
420.0 74
420.0 42
420.0 105
420.0 82
420.0 74
420.0 57
420.0 27
420.0 66
420.0 68
420.0 71
420.0 20
420.0 54
420.0 107
420.0 69
420.0 14
420.0 36
420.0 93
420.0 73
420.0 0
420.0 56
420.0 107
420.0 72
420.0 2
420.0 56
420.0 107
420.0 70
420.0 2
420.0 48
420.0 78
420.0 70
420.0 0
420.0 62
420.0 119
420.0 69
420.0 10
420.0 74
420.0 38
420.0 74
420.0 78
420.0 58
420.0 62
420.0 82
420.0 56
420.0 68
420.0 52
420.0 68
420.0 70
420.0 53
420.0 74
420.0 36
420.0 84
420.0 88
420.0 48
420.0 50
420.0 40
420.0 58
420.0 50
420.0 60
420.0 56
420.0 76
420.0 88
420.0 92
420.0 92
420.0 46
420.0 104
420.0 102
420.0 73
420.0 45
420.0 89
420.0 90
420.0 75
420.0 57
420.0 28
420.0 101
420.0 68
420.0 75
420.0 0
420.0 64
420.0 65
420.0 69
420.0 12
420.0 50
420.0 117
420.0 67
420.0 12
420.0 60
420.0 75
420.0 70
420.0 9
420.0 62
420.0 125
420.0 67
420.0 15
420.0 52
420.0 103
420.0 66
420.0 13
420.0 60
420.0 86
420.0 68
420.0 13
420.0 54
420.0 83
420.0 70
420.0 15
420.0 70
420.0 56
420.0 58
420.0 76
420.0 66
420.0 46
420.0 80
420.0 56
420.0 52
420.0 58
420.0 64
420.0 84
420.0 88
420.0 81
420.0 92
420.0 81
420.0 46
420.0 102
420.0 72
420.0 69
420.0 16
420.0 82
420.0 66
420.0 73
420.0 11
420.0 68
420.0 72
420.0 73
420.0 23
420.0 52
420.0 73
420.0 73
420.0 32
420.0 56
420.0 61
420.0 70
420.0 36
420.0 48
420.0 63
420.0 67
420.0 42
420.0 48
420.0 53
420.0 71
420.0 41
420.0 49
420.0 68
420.0 71
420.0 39
420.0 50
420.0 74
420.0 67
420.0 40
420.0 58
420.0 84
420.0 71
420.0 39
420.0 53
420.0 54
420.0 73
420.0 43
420.0 61
420.0 60
420.0 66
420.0 58
420.0 34
420.0 64
420.0 68
420.0 48
420.0 52
420.0 98
420.0 64
420.0 92
420.0 92
420.0 52
420.0 62
420.0 101
420.0 76
420.0 50
420.0 53
420.0 80
420.0 74
420.0 64
420.0 32
420.0 91
420.0 68
420.0 76
420.0 12
420.0 68
420.0 71
420.0 74
420.0 12
420.0 78
420.0 76
420.0 67
420.0 17
420.0 56
420.0 91
420.0 69
420.0 14
420.0 80
420.0 97
420.0 65
420.0 20
420.0 86
420.0 91
420.0 65
420.0 19
420.0 70
420.0 93
420.0 71
420.0 19
420.0 80
420.0 54
420.0 62
420.0 44
420.0 82
420.0 40
420.0 74
420.0 62
420.0 32
420.0 66
420.0 60
420.0 40
420.0 56
420.0 78
420.0 64
420.0 60
420.0 70
420.0 62
420.0 54
420.0 50
